{
 "cells": [
  {
   "cell_type": "code",
   "execution_count": 33,
   "metadata": {},
   "outputs": [],
   "source": [
    "import numpy as np\n",
    "\n",
    "\n",
    "\n",
    "class MLKNN():\n",
    "    def __init__(self, k=10, s=1):\n",
    "        self.k = k\n",
    "        self.s = s\n",
    "\n",
    "    def __repr__(self):\n",
    "        print(\"MLKNN()\")\n",
    "        \n",
    "    def knn(self,X,x_predict):\n",
    "        distances = np.zeros(self.train_data_num)\n",
    "        for i in range(self.train_data_num):\n",
    "            distances[i] = np.sum((X[i]-x_predict)**2)\n",
    "        nearest = np.argsort(distances)\n",
    "\n",
    "        return nearest[:self.k]\n",
    "\n",
    "    def fit(self, X, y):\n",
    "        \"\"\"用MLKNN，根据训练集X进行训练\"\"\"\n",
    "        self.X_ = X\n",
    "        self.label_num = y.shape[1]\n",
    "        self.train_data_num = X.shape[0]\n",
    "        self.ph1 = np.zeros(self.label_num)\n",
    "        self.ph0 = np.zeros(self.label_num)\n",
    "        self.peh1 = np.zeros((self.label_num,self.k+1))\n",
    "        self.peh0 = np.zeros((self.label_num,self.k+1))\n",
    "        \n",
    "        for l in range(self.label_num):\n",
    "            self.ph1[l] = (self.s + np.sum(y[:,l])) / (2*self.s + self.train_data_num)\n",
    "            self.ph0[l] = 1 - self.ph1[l]\n",
    "        \n",
    "            c1 = np.zeros(self.k+1)\n",
    "            c0 = np.zeros(self.k+1)\n",
    "            for i in range(self.train_data_num):\n",
    "                neighbor_l_sum = int(np.sum(y[self.knn(X,X[i]),l]))\n",
    "                if y[i,l] == 1:\n",
    "                    c1[neighbor_l_sum] += 1\n",
    "                else:\n",
    "                    c0[neighbor_l_sum] += 1\n",
    "                    \n",
    "            for j in range(self.k+1):       \n",
    "                self.peh1[l][j] = (self.s + c1[j]) / (self.s * (self.k+1) + np.sum(c1))\n",
    "                self.peh0[l][j] = (self.s + c0[j]) / (self.s * (self.k+1) + np.sum(c0))\n",
    "            \n",
    "    def predict(self,X):\n",
    "        test_data_num = X.shape[0]\n",
    "        res = np.zeros((self.label_num,self.k+1))\n",
    "        predict = np.zeros((test_data_num,self.label_num))\n",
    "        \n",
    "#         for l in range(self.label):\n",
    "#             for j in range(self.k+1):\n",
    "#                 res[l][j] = np.argmax(self.ph0[l]*self.peh0[l][j],self.ph1[l]*self.peh1[l][j])\n",
    "        for l in range(self.label_num):\n",
    "            for i in range(test_data_num):\n",
    "                neighbor_l_sum = int(np.sum(y[self.knn(self.X_,X[i]),l]))\n",
    "                a = self.ph0[l]*self.peh0[l][neighbor_l_sum]\n",
    "                b = self.ph1[l]*self.peh1[l][neighbor_l_sum]\n",
    "                predict[i][l] = np.argmax(np.array([a,b]))\n",
    "        \n",
    "        return np.array(predict)\n"
   ]
  },
  {
   "cell_type": "code",
   "execution_count": 37,
   "metadata": {},
   "outputs": [
    {
     "data": {
      "text/plain": [
       "array([1.1, 7.1])"
      ]
     },
     "execution_count": 37,
     "metadata": {},
     "output_type": "execute_result"
    }
   ],
   "source": [
    "point"
   ]
  },
  {
   "cell_type": "code",
   "execution_count": 41,
   "metadata": {},
   "outputs": [
    {
     "name": "stdout",
     "output_type": "stream",
     "text": [
      "[[0. 0. 0.]]\n"
     ]
    }
   ],
   "source": [
    "mk = MLKNN(k=1)\n",
    "X = np.array([[1,7],[2,6],[3,5],[4,4],[8,7],[9,8],[10,7]])\n",
    "y = np.array([[0,0,0],[0,0,1],[0,1,1],[0,1,1],[0,0,1],[1,0,0],[1,1,1]])\n",
    "point = np.array([[1.1,7.1]])\n",
    "mk.fit(X,y)\n",
    "print(mk.predict(point))"
   ]
  },
  {
   "cell_type": "code",
   "execution_count": 4,
   "metadata": {},
   "outputs": [
    {
     "data": {
      "text/plain": [
       "array([[0., 0., 0.],\n",
       "       [0., 0., 0.]])"
      ]
     },
     "execution_count": 4,
     "metadata": {},
     "output_type": "execute_result"
    }
   ],
   "source": [
    "import numpy as np\n",
    "np.zeros((2,3))"
   ]
  },
  {
   "cell_type": "code",
   "execution_count": 37,
   "metadata": {},
   "outputs": [
    {
     "name": "stdout",
     "output_type": "stream",
     "text": [
      "[[4.09397781e-01 3.35186553e-01 1.83954281e-01 6.76729980e-02\n",
      "  3.04861458e-03 6.15504669e-04 1.24268249e-04]\n",
      " [2.62581264e-01 3.20717480e-01 2.62581264e-01 1.44107653e-01\n",
      "  7.92926712e-03 1.60089142e-03 4.82179230e-04]\n",
      " [1.42286625e-01 2.59263134e-01 3.16664707e-01 2.59263134e-01\n",
      "  1.74239118e-02 3.51782713e-03 1.58066162e-03]\n",
      " [6.49983270e-02 1.76683771e-01 3.21938821e-01 3.93216964e-01\n",
      "  3.22772139e-02 6.51665711e-03 4.36824589e-03]\n",
      " [2.80122690e-03 9.30040085e-03 2.06984227e-02 3.08784182e-02\n",
      "  3.76176144e-01 3.07986977e-01 2.52158410e-01]\n",
      " [5.62740564e-04 1.86836447e-03 4.15812159e-03 6.20318849e-03\n",
      "  3.06452704e-01 3.74302178e-01 3.06452704e-01]\n",
      " [1.21078651e-04 5.99706486e-04 1.99109565e-03 4.43126487e-03\n",
      "  2.67383796e-01 3.26583307e-01 3.98889751e-01]]\n",
      "[[ 0.48978417 -0.25418466]\n",
      " [ 0.16819838 -0.41349947]\n",
      " [-0.19338266 -0.59141459]\n",
      " [-0.51011915 -0.74528459]\n",
      " [-0.66780977 -0.37192442]\n",
      " [-0.62083561 -0.24896454]\n",
      " [-0.67197512 -0.3461126 ]]\n",
      "\n",
      "[[4.09397781e-01 3.35186553e-01 1.83954281e-01 6.76729980e-02\n",
      "  3.04861458e-03 6.15504669e-04 1.24268249e-04]\n",
      " [2.62581264e-01 3.20717480e-01 2.62581264e-01 1.44107653e-01\n",
      "  7.92926712e-03 1.60089142e-03 4.82179230e-04]\n",
      " [1.42286625e-01 2.59263134e-01 3.16664707e-01 2.59263134e-01\n",
      "  1.74239118e-02 3.51782713e-03 1.58066162e-03]\n",
      " [6.49983270e-02 1.76683771e-01 3.21938821e-01 3.93216964e-01\n",
      "  3.22772139e-02 6.51665711e-03 4.36824589e-03]\n",
      " [2.80122690e-03 9.30040085e-03 2.06984227e-02 3.08784182e-02\n",
      "  3.76176144e-01 3.07986977e-01 2.52158410e-01]\n",
      " [5.62740564e-04 1.86836447e-03 4.15812159e-03 6.20318849e-03\n",
      "  3.06452704e-01 3.74302178e-01 3.06452704e-01]\n",
      " [1.21078651e-04 5.99706486e-04 1.99109565e-03 4.43126487e-03\n",
      "  2.67383796e-01 3.26583307e-01 3.98889751e-01]]\n",
      "[[ 0.67237007 -0.15979025]\n",
      " [ 0.45338875 -0.26421069]\n",
      " [ 0.19535918 -0.38401458]\n",
      " [-0.04565318 -0.49045779]\n",
      " [-0.42831104  0.04554812]\n",
      " [-0.41211807  0.14717548]\n",
      " [-0.44853023  0.08459586]]\n",
      "\n",
      "[[4.09397781e-01 3.35186553e-01 1.83954281e-01 6.76729980e-02\n",
      "  3.04861458e-03 6.15504669e-04 1.24268249e-04]\n",
      " [2.62581264e-01 3.20717480e-01 2.62581264e-01 1.44107653e-01\n",
      "  7.92926712e-03 1.60089142e-03 4.82179230e-04]\n",
      " [1.42286625e-01 2.59263134e-01 3.16664707e-01 2.59263134e-01\n",
      "  1.74239118e-02 3.51782713e-03 1.58066162e-03]\n",
      " [6.49983270e-02 1.76683771e-01 3.21938821e-01 3.93216964e-01\n",
      "  3.22772139e-02 6.51665711e-03 4.36824589e-03]\n",
      " [2.80122690e-03 9.30040085e-03 2.06984227e-02 3.08784182e-02\n",
      "  3.76176144e-01 3.07986977e-01 2.52158410e-01]\n",
      " [5.62740564e-04 1.86836447e-03 4.15812159e-03 6.20318849e-03\n",
      "  3.06452704e-01 3.74302178e-01 3.06452704e-01]\n",
      " [1.21078651e-04 5.99706486e-04 1.99109565e-03 4.43126487e-03\n",
      "  2.67383796e-01 3.26583307e-01 3.98889751e-01]]\n",
      "[[ 0.77607051 -0.103067  ]\n",
      " [ 0.62440497 -0.16951091]\n",
      " [ 0.4434051  -0.24431632]\n",
      " [ 0.27084022 -0.30812917]\n",
      " [-0.25948551  0.32335959]\n",
      " [-0.26575014  0.40954597]\n",
      " [-0.29253008  0.3695686 ]]\n",
      "\n",
      "[[4.09397781e-01 3.35186553e-01 1.83954281e-01 6.76729980e-02\n",
      "  3.04861458e-03 6.15504669e-04 1.24268249e-04]\n",
      " [2.62581264e-01 3.20717480e-01 2.62581264e-01 1.44107653e-01\n",
      "  7.92926712e-03 1.60089142e-03 4.82179230e-04]\n",
      " [1.42286625e-01 2.59263134e-01 3.16664707e-01 2.59263134e-01\n",
      "  1.74239118e-02 3.51782713e-03 1.58066162e-03]\n",
      " [6.49983270e-02 1.76683771e-01 3.21938821e-01 3.93216964e-01\n",
      "  3.22772139e-02 6.51665711e-03 4.36824589e-03]\n",
      " [2.80122690e-03 9.30040085e-03 2.06984227e-02 3.08784182e-02\n",
      "  3.76176144e-01 3.07986977e-01 2.52158410e-01]\n",
      " [5.62740564e-04 1.86836447e-03 4.15812159e-03 6.20318849e-03\n",
      "  3.06452704e-01 3.74302178e-01 3.06452704e-01]\n",
      " [1.21078651e-04 5.99706486e-04 1.99109565e-03 4.43126487e-03\n",
      "  2.67383796e-01 3.26583307e-01 3.98889751e-01]]\n",
      "[[ 0.84365175 -0.06414783]\n",
      " [ 0.73656018 -0.10421356]\n",
      " [ 0.60719575 -0.14751671]\n",
      " [ 0.48127707 -0.18124835]\n",
      " [-0.14173365  0.50824547]\n",
      " [-0.16321176  0.58372462]\n",
      " [-0.18326566  0.55860969]]\n",
      "\n",
      "[[4.09397781e-01 3.35186553e-01 1.83954281e-01 6.76729980e-02\n",
      "  3.04861458e-03 6.15504669e-04 1.24268249e-04]\n",
      " [2.62581264e-01 3.20717480e-01 2.62581264e-01 1.44107653e-01\n",
      "  7.92926712e-03 1.60089142e-03 4.82179230e-04]\n",
      " [1.42286625e-01 2.59263134e-01 3.16664707e-01 2.59263134e-01\n",
      "  1.74239118e-02 3.51782713e-03 1.58066162e-03]\n",
      " [6.49983270e-02 1.76683771e-01 3.21938821e-01 3.93216964e-01\n",
      "  3.22772139e-02 6.51665711e-03 4.36824589e-03]\n",
      " [2.80122690e-03 9.30040085e-03 2.06984227e-02 3.08784182e-02\n",
      "  3.76176144e-01 3.07986977e-01 2.52158410e-01]\n",
      " [5.62740564e-04 1.86836447e-03 4.15812159e-03 6.20318849e-03\n",
      "  3.06452704e-01 3.74302178e-01 3.06452704e-01]\n",
      " [1.21078651e-04 5.99706486e-04 1.99109565e-03 4.43126487e-03\n",
      "  2.67383796e-01 3.26583307e-01 3.98889751e-01]]\n",
      "[[ 0.88839519 -0.03716758]\n",
      " [ 0.81088047 -0.05895414]\n",
      " [ 0.71584539 -0.08044793]\n",
      " [ 0.62103297 -0.09339973]\n",
      " [-0.0599981   0.6313849 ]\n",
      " [-0.09165557  0.69950512]\n",
      " [-0.10693764  0.68420671]]\n",
      "\n",
      "[[4.09397781e-01 3.35186553e-01 1.83954281e-01 6.76729980e-02\n",
      "  3.04861458e-03 6.15504669e-04 1.24268249e-04]\n",
      " [2.62581264e-01 3.20717480e-01 2.62581264e-01 1.44107653e-01\n",
      "  7.92926712e-03 1.60089142e-03 4.82179230e-04]\n",
      " [1.42286625e-01 2.59263134e-01 3.16664707e-01 2.59263134e-01\n",
      "  1.74239118e-02 3.51782713e-03 1.58066162e-03]\n",
      " [6.49983270e-02 1.76683771e-01 3.21938821e-01 3.93216964e-01\n",
      "  3.22772139e-02 6.51665711e-03 4.36824589e-03]\n",
      " [2.80122690e-03 9.30040085e-03 2.06984227e-02 3.08784182e-02\n",
      "  3.76176144e-01 3.07986977e-01 2.52158410e-01]\n",
      " [5.62740564e-04 1.86836447e-03 4.15812159e-03 6.20318849e-03\n",
      "  3.06452704e-01 3.74302178e-01 3.06452704e-01]\n",
      " [1.21078651e-04 5.99706486e-04 1.99109565e-03 4.43126487e-03\n",
      "  2.67383796e-01 3.26583307e-01 3.98889751e-01]]\n",
      "[[ 0.91809812 -0.018494  ]\n",
      " [ 0.86023463 -0.02764651]\n",
      " [ 0.78802925 -0.03408961]\n",
      " [ 0.71393752 -0.03274088]\n",
      " [-0.00344006  0.71347821]\n",
      " [-0.04189785  0.7765549 ]\n",
      " [-0.05380078  0.76775439]]\n",
      "\n",
      "[[4.09397781e-01 3.35186553e-01 1.83954281e-01 6.76729980e-02\n",
      "  3.04861458e-03 6.15504669e-04 1.24268249e-04]\n",
      " [2.62581264e-01 3.20717480e-01 2.62581264e-01 1.44107653e-01\n",
      "  7.92926712e-03 1.60089142e-03 4.82179230e-04]\n",
      " [1.42286625e-01 2.59263134e-01 3.16664707e-01 2.59263134e-01\n",
      "  1.74239118e-02 3.51782713e-03 1.58066162e-03]\n",
      " [6.49983270e-02 1.76683771e-01 3.21938821e-01 3.93216964e-01\n",
      "  3.22772139e-02 6.51665711e-03 4.36824589e-03]\n",
      " [2.80122690e-03 9.30040085e-03 2.06984227e-02 3.08784182e-02\n",
      "  3.76176144e-01 3.07986977e-01 2.52158410e-01]\n",
      " [5.62740564e-04 1.86836447e-03 4.15812159e-03 6.20318849e-03\n",
      "  3.06452704e-01 3.74302178e-01 3.06452704e-01]\n",
      " [1.21078651e-04 5.99706486e-04 1.99109565e-03 4.43126487e-03\n",
      "  2.67383796e-01 3.26583307e-01 3.98889751e-01]]\n",
      "[[ 0.93784281 -0.00560057]\n",
      " [ 0.8930511  -0.00604106]\n",
      " [ 0.83604351 -0.00212051]\n",
      " [ 0.7757656   0.00905045]\n",
      " [ 0.03559746  0.7682596 ]\n",
      " [-0.0074051   0.82788506]\n",
      " [-0.01692693  0.82339222]]\n",
      "\n",
      "[[4.09397781e-01 3.35186553e-01 1.83954281e-01 6.76729980e-02\n",
      "  3.04861458e-03 6.15504669e-04 1.24268249e-04]\n",
      " [2.62581264e-01 3.20717480e-01 2.62581264e-01 1.44107653e-01\n",
      "  7.92926712e-03 1.60089142e-03 4.82179230e-04]\n",
      " [1.42286625e-01 2.59263134e-01 3.16664707e-01 2.59263134e-01\n",
      "  1.74239118e-02 3.51782713e-03 1.58066162e-03]\n",
      " [6.49983270e-02 1.76683771e-01 3.21938821e-01 3.93216964e-01\n",
      "  3.22772139e-02 6.51665711e-03 4.36824589e-03]\n",
      " [2.80122690e-03 9.30040085e-03 2.06984227e-02 3.08784182e-02\n",
      "  3.76176144e-01 3.07986977e-01 2.52158410e-01]\n",
      " [5.62740564e-04 1.86836447e-03 4.15812159e-03 6.20318849e-03\n",
      "  3.06452704e-01 3.74302178e-01 3.06452704e-01]\n",
      " [1.21078651e-04 5.99706486e-04 1.99109565e-03 4.43126487e-03\n",
      "  2.67383796e-01 3.26583307e-01 3.98889751e-01]]\n",
      "[[0.95098292 0.00328235]\n",
      " [0.91489597 0.00883708]\n",
      " [0.86801614 0.01988038]\n",
      " [0.8169562  0.03778683]\n",
      " [0.06248347 0.80484875]\n",
      " [0.01644133 0.8621155 ]\n",
      " [0.00858926 0.86048207]]\n",
      "\n",
      "[[4.09397781e-01 3.35186553e-01 1.83954281e-01 6.76729980e-02\n",
      "  3.04861458e-03 6.15504669e-04 1.24268249e-04]\n",
      " [2.62581264e-01 3.20717480e-01 2.62581264e-01 1.44107653e-01\n",
      "  7.92926712e-03 1.60089142e-03 4.82179230e-04]\n",
      " [1.42286625e-01 2.59263134e-01 3.16664707e-01 2.59263134e-01\n",
      "  1.74239118e-02 3.51782713e-03 1.58066162e-03]\n",
      " [6.49983270e-02 1.76683771e-01 3.21938821e-01 3.93216964e-01\n",
      "  3.22772139e-02 6.51665711e-03 4.36824589e-03]\n",
      " [2.80122690e-03 9.30040085e-03 2.06984227e-02 3.08784182e-02\n",
      "  3.76176144e-01 3.07986977e-01 2.52158410e-01]\n",
      " [5.62740564e-04 1.86836447e-03 4.15812159e-03 6.20318849e-03\n",
      "  3.06452704e-01 3.74302178e-01 3.06452704e-01]\n",
      " [1.21078651e-04 5.99706486e-04 1.99109565e-03 4.43126487e-03\n",
      "  2.67383796e-01 3.26583307e-01 3.98889751e-01]]\n",
      "[[0.95973705 0.00939034]\n",
      " [0.92945275 0.01906324]\n",
      " [0.88932874 0.03499372]\n",
      " [0.84442554 0.05751242]\n",
      " [0.08096515 0.82930796]\n",
      " [0.03288859 0.88496438]\n",
      " [0.02620247 0.88523133]]\n",
      "\n",
      "[[4.09397781e-01 3.35186553e-01 1.83954281e-01 6.76729980e-02\n",
      "  3.04861458e-03 6.15504669e-04 1.24268249e-04]\n",
      " [2.62581264e-01 3.20717480e-01 2.62581264e-01 1.44107653e-01\n",
      "  7.92926712e-03 1.60089142e-03 4.82179230e-04]\n",
      " [1.42286625e-01 2.59263134e-01 3.16664707e-01 2.59263134e-01\n",
      "  1.74239118e-02 3.51782713e-03 1.58066162e-03]\n",
      " [6.49983270e-02 1.76683771e-01 3.21938821e-01 3.93216964e-01\n",
      "  3.22772139e-02 6.51665711e-03 4.36824589e-03]\n",
      " [2.80122690e-03 9.30040085e-03 2.06984227e-02 3.08784182e-02\n",
      "  3.76176144e-01 3.07986977e-01 2.52158410e-01]\n",
      " [5.62740564e-04 1.86836447e-03 4.15812159e-03 6.20318849e-03\n",
      "  3.06452704e-01 3.74302178e-01 3.06452704e-01]\n",
      " [1.21078651e-04 5.99706486e-04 1.99109565e-03 4.43126487e-03\n",
      "  2.67383796e-01 3.26583307e-01 3.98889751e-01]]\n",
      "[[0.96557506 0.01358303]\n",
      " [0.93916262 0.02608021]\n",
      " [0.90354934 0.04535899]\n",
      " [0.86276178 0.07103201]\n",
      " [0.09364819 0.84567158]\n",
      " [0.04420898 0.90022965]\n",
      " [0.03833407 0.90176105]]\n",
      "\n",
      "[[4.09397781e-01 3.35186553e-01 1.83954281e-01 6.76729980e-02\n",
      "  3.04861458e-03 6.15504669e-04 1.24268249e-04]\n",
      " [2.62581264e-01 3.20717480e-01 2.62581264e-01 1.44107653e-01\n",
      "  7.92926712e-03 1.60089142e-03 4.82179230e-04]\n",
      " [1.42286625e-01 2.59263134e-01 3.16664707e-01 2.59263134e-01\n",
      "  1.74239118e-02 3.51782713e-03 1.58066162e-03]\n",
      " [6.49983270e-02 1.76683771e-01 3.21938821e-01 3.93216964e-01\n",
      "  3.22772139e-02 6.51665711e-03 4.36824589e-03]\n",
      " [2.80122690e-03 9.30040085e-03 2.06984227e-02 3.08784182e-02\n",
      "  3.76176144e-01 3.07986977e-01 2.52158410e-01]\n",
      " [5.62740564e-04 1.86836447e-03 4.15812159e-03 6.20318849e-03\n",
      "  3.06452704e-01 3.74302178e-01 3.06452704e-01]\n",
      " [1.21078651e-04 5.99706486e-04 1.99109565e-03 4.43126487e-03\n",
      "  2.67383796e-01 3.26583307e-01 3.98889751e-01]]\n",
      "[[0.96947204 0.01645662]\n",
      " [0.94564549 0.03088794]\n",
      " [0.91304658 0.05245769]\n",
      " [0.87501243 0.08028551]\n",
      " [0.10233886 0.8566273 ]\n",
      " [0.05198637 0.91043686]\n",
      " [0.04667404 0.9128105 ]]\n",
      "\n",
      "[[4.09397781e-01 3.35186553e-01 1.83954281e-01 6.76729980e-02\n",
      "  3.04861458e-03 6.15504669e-04 1.24268249e-04]\n",
      " [2.62581264e-01 3.20717480e-01 2.62581264e-01 1.44107653e-01\n",
      "  7.92926712e-03 1.60089142e-03 4.82179230e-04]\n",
      " [1.42286625e-01 2.59263134e-01 3.16664707e-01 2.59263134e-01\n",
      "  1.74239118e-02 3.51782713e-03 1.58066162e-03]\n",
      " [6.49983270e-02 1.76683771e-01 3.21938821e-01 3.93216964e-01\n",
      "  3.22772139e-02 6.51665711e-03 4.36824589e-03]\n",
      " [2.80122690e-03 9.30040085e-03 2.06984227e-02 3.08784182e-02\n",
      "  3.76176144e-01 3.07986977e-01 2.52158410e-01]\n",
      " [5.62740564e-04 1.86836447e-03 4.15812159e-03 6.20318849e-03\n",
      "  3.06452704e-01 3.74302178e-01 3.06452704e-01]\n",
      " [1.21078651e-04 5.99706486e-04 1.99109565e-03 4.43126487e-03\n",
      "  2.67383796e-01 3.26583307e-01 3.98889751e-01]]\n",
      "[[0.97207567 0.01842344]\n",
      " [0.94997764 0.03417762]\n",
      " [0.91939477 0.05731304]\n",
      " [0.88320407 0.08661137]\n",
      " [0.10828594 0.86396746]\n",
      " [0.05732094 0.91726733]\n",
      " [0.05239771 0.92020253]]\n",
      "\n",
      "[[4.09397781e-01 3.35186553e-01 1.83954281e-01 6.76729980e-02\n",
      "  3.04861458e-03 6.15504669e-04 1.24268249e-04]\n",
      " [2.62581264e-01 3.20717480e-01 2.62581264e-01 1.44107653e-01\n",
      "  7.92926712e-03 1.60089142e-03 4.82179230e-04]\n",
      " [1.42286625e-01 2.59263134e-01 3.16664707e-01 2.59263134e-01\n",
      "  1.74239118e-02 3.51782713e-03 1.58066162e-03]\n",
      " [6.49983270e-02 1.76683771e-01 3.21938821e-01 3.93216964e-01\n",
      "  3.22772139e-02 6.51665711e-03 4.36824589e-03]\n",
      " [2.80122690e-03 9.30040085e-03 2.06984227e-02 3.08784182e-02\n",
      "  3.76176144e-01 3.07986977e-01 2.52158410e-01]\n",
      " [5.62740564e-04 1.86836447e-03 4.15812159e-03 6.20318849e-03\n",
      "  3.06452704e-01 3.74302178e-01 3.06452704e-01]\n",
      " [1.21078651e-04 5.99706486e-04 1.99109565e-03 4.43126487e-03\n",
      "  2.67383796e-01 3.26583307e-01 3.98889751e-01]]\n",
      "[[0.97381664 0.01976799]\n",
      " [0.95287494 0.03642591]\n",
      " [0.92364148 0.0606302 ]\n",
      " [0.88868584 0.09093114]\n",
      " [0.11235071 0.86888844]\n",
      " [0.06097468 0.92184148]\n",
      " [0.05631991 0.92515148]]\n",
      "\n",
      "[[4.09397781e-01 3.35186553e-01 1.83954281e-01 6.76729980e-02\n",
      "  3.04861458e-03 6.15504669e-04 1.24268249e-04]\n",
      " [2.62581264e-01 3.20717480e-01 2.62581264e-01 1.44107653e-01\n",
      "  7.92926712e-03 1.60089142e-03 4.82179230e-04]\n",
      " [1.42286625e-01 2.59263134e-01 3.16664707e-01 2.59263134e-01\n",
      "  1.74239118e-02 3.51782713e-03 1.58066162e-03]\n",
      " [6.49983270e-02 1.76683771e-01 3.21938821e-01 3.93216964e-01\n",
      "  3.22772139e-02 6.51665711e-03 4.36824589e-03]\n",
      " [2.80122690e-03 9.30040085e-03 2.06984227e-02 3.08784182e-02\n",
      "  3.76176144e-01 3.07986977e-01 2.52158410e-01]\n",
      " [5.62740564e-04 1.86836447e-03 4.15812159e-03 6.20318849e-03\n",
      "  3.06452704e-01 3.74302178e-01 3.06452704e-01]\n",
      " [1.21078651e-04 5.99706486e-04 1.99109565e-03 4.43126487e-03\n",
      "  2.67383796e-01 3.26583307e-01 3.98889751e-01]]\n",
      "[[0.97498169 0.02068615]\n",
      " [0.95481414 0.03796086]\n",
      " [0.9264845  0.06289415]\n",
      " [0.89235688 0.09387813]\n",
      " [0.11512596 0.87218957]\n",
      " [0.06347397 0.92490673]\n",
      " [0.05900404 0.9284671 ]]\n",
      "\n",
      "[[4.09397781e-01 3.35186553e-01 1.83954281e-01 6.76729980e-02\n",
      "  3.04861458e-03 6.15504669e-04 1.24268249e-04]\n",
      " [2.62581264e-01 3.20717480e-01 2.62581264e-01 1.44107653e-01\n",
      "  7.92926712e-03 1.60089142e-03 4.82179230e-04]\n",
      " [1.42286625e-01 2.59263134e-01 3.16664707e-01 2.59263134e-01\n",
      "  1.74239118e-02 3.51782713e-03 1.58066162e-03]\n",
      " [6.49983270e-02 1.76683771e-01 3.21938821e-01 3.93216964e-01\n",
      "  3.22772139e-02 6.51665711e-03 4.36824589e-03]\n",
      " [2.80122690e-03 9.30040085e-03 2.06984227e-02 3.08784182e-02\n",
      "  3.76176144e-01 3.07986977e-01 2.52158410e-01]\n",
      " [5.62740564e-04 1.86836447e-03 4.15812159e-03 6.20318849e-03\n",
      "  3.06452704e-01 3.74302178e-01 3.06452704e-01]\n",
      " [1.21078651e-04 5.99706486e-04 1.99109565e-03 4.43126487e-03\n",
      "  2.67383796e-01 3.26583307e-01 3.98889751e-01]]\n",
      "[[0.9757619  0.02131252]\n",
      " [0.95611299 0.03900779]\n",
      " [0.92838915 0.06443787]\n",
      " [0.89481698 0.09588682]\n",
      " [0.11701897 0.87440529]\n",
      " [0.06518161 0.92696215]\n",
      " [0.0608387  0.9306899 ]]\n",
      "\n",
      "[[4.09397781e-01 3.35186553e-01 1.83954281e-01 6.76729980e-02\n",
      "  3.04861458e-03 6.15504669e-04 1.24268249e-04]\n",
      " [2.62581264e-01 3.20717480e-01 2.62581264e-01 1.44107653e-01\n",
      "  7.92926712e-03 1.60089142e-03 4.82179230e-04]\n",
      " [1.42286625e-01 2.59263134e-01 3.16664707e-01 2.59263134e-01\n",
      "  1.74239118e-02 3.51782713e-03 1.58066162e-03]\n",
      " [6.49983270e-02 1.76683771e-01 3.21938821e-01 3.93216964e-01\n",
      "  3.22772139e-02 6.51665711e-03 4.36824589e-03]\n",
      " [2.80122690e-03 9.30040085e-03 2.06984227e-02 3.08784182e-02\n",
      "  3.76176144e-01 3.07986977e-01 2.52158410e-01]\n",
      " [5.62740564e-04 1.86836447e-03 4.15812159e-03 6.20318849e-03\n",
      "  3.06452704e-01 3.74302178e-01 3.06452704e-01]\n",
      " [1.21078651e-04 5.99706486e-04 1.99109565e-03 4.43126487e-03\n",
      "  2.67383796e-01 3.26583307e-01 3.98889751e-01]]\n",
      "[[0.97628475 0.02173946]\n",
      " [0.95698353 0.03972125]\n",
      " [0.92966599 0.06548961]\n",
      " [0.89646663 0.09725488]\n",
      " [0.11830909 0.87589327]\n",
      " [0.06634714 0.92834122]\n",
      " [0.06209138 0.93218098]]\n",
      "\n",
      "[[4.09397781e-01 3.35186553e-01 1.83954281e-01 6.76729980e-02\n",
      "  3.04861458e-03 6.15504669e-04 1.24268249e-04]\n",
      " [2.62581264e-01 3.20717480e-01 2.62581264e-01 1.44107653e-01\n",
      "  7.92926712e-03 1.60089142e-03 4.82179230e-04]\n",
      " [1.42286625e-01 2.59263134e-01 3.16664707e-01 2.59263134e-01\n",
      "  1.74239118e-02 3.51782713e-03 1.58066162e-03]\n",
      " [6.49983270e-02 1.76683771e-01 3.21938821e-01 3.93216964e-01\n",
      "  3.22772139e-02 6.51665711e-03 4.36824589e-03]\n",
      " [2.80122690e-03 9.30040085e-03 2.06984227e-02 3.08784182e-02\n",
      "  3.76176144e-01 3.07986977e-01 2.52158410e-01]\n",
      " [5.62740564e-04 1.86836447e-03 4.15812159e-03 6.20318849e-03\n",
      "  3.06452704e-01 3.74302178e-01 3.06452704e-01]\n",
      " [1.21078651e-04 5.99706486e-04 1.99109565e-03 4.43126487e-03\n",
      "  2.67383796e-01 3.26583307e-01 3.98889751e-01]]\n",
      "[[0.97663535 0.02203023]\n",
      " [0.95756736 0.04020708]\n",
      " [0.93052247 0.06620563]\n",
      " [0.89757347 0.09818596]\n",
      " [0.11918764 0.87689301]\n",
      " [0.06714193 0.92926702]\n",
      " [0.06294587 0.93318177]]\n",
      "\n",
      "[[4.09397781e-01 3.35186553e-01 1.83954281e-01 6.76729980e-02\n",
      "  3.04861458e-03 6.15504669e-04 1.24268249e-04]\n",
      " [2.62581264e-01 3.20717480e-01 2.62581264e-01 1.44107653e-01\n",
      "  7.92926712e-03 1.60089142e-03 4.82179230e-04]\n",
      " [1.42286625e-01 2.59263134e-01 3.16664707e-01 2.59263134e-01\n",
      "  1.74239118e-02 3.51782713e-03 1.58066162e-03]\n",
      " [6.49983270e-02 1.76683771e-01 3.21938821e-01 3.93216964e-01\n",
      "  3.22772139e-02 6.51665711e-03 4.36824589e-03]\n",
      " [2.80122690e-03 9.30040085e-03 2.06984227e-02 3.08784182e-02\n",
      "  3.76176144e-01 3.07986977e-01 2.52158410e-01]\n",
      " [5.62740564e-04 1.86836447e-03 4.15812159e-03 6.20318849e-03\n",
      "  3.06452704e-01 3.74302178e-01 3.06452704e-01]\n",
      " [1.21078651e-04 5.99706486e-04 1.99109565e-03 4.43126487e-03\n",
      "  2.67383796e-01 3.26583307e-01 3.98889751e-01]]\n",
      "[[0.97687059 0.02222813]\n",
      " [0.95795914 0.04053768]\n",
      " [0.93109731 0.06669277]\n",
      " [0.89831653 0.09881924]\n",
      " [0.1197855  0.87756502]\n",
      " [0.06768345 0.92988885]\n",
      " [0.06352823 0.93385384]]\n",
      "\n",
      "[[4.09397781e-01 3.35186553e-01 1.83954281e-01 6.76729980e-02\n",
      "  3.04861458e-03 6.15504669e-04 1.24268249e-04]\n",
      " [2.62581264e-01 3.20717480e-01 2.62581264e-01 1.44107653e-01\n",
      "  7.92926712e-03 1.60089142e-03 4.82179230e-04]\n",
      " [1.42286625e-01 2.59263134e-01 3.16664707e-01 2.59263134e-01\n",
      "  1.74239118e-02 3.51782713e-03 1.58066162e-03]\n",
      " [6.49983270e-02 1.76683771e-01 3.21938821e-01 3.93216964e-01\n",
      "  3.22772139e-02 6.51665711e-03 4.36824589e-03]\n",
      " [2.80122690e-03 9.30040085e-03 2.06984227e-02 3.08784182e-02\n",
      "  3.76176144e-01 3.07986977e-01 2.52158410e-01]\n",
      " [5.62740564e-04 1.86836447e-03 4.15812159e-03 6.20318849e-03\n",
      "  3.06452704e-01 3.74302178e-01 3.06452704e-01]\n",
      " [1.21078651e-04 5.99706486e-04 1.99109565e-03 4.43126487e-03\n",
      "  2.67383796e-01 3.26583307e-01 3.98889751e-01]]\n",
      "[[0.97702852 0.02236272]\n",
      " [0.95822218 0.0407625 ]\n",
      " [0.93148332 0.06702398]\n",
      " [0.89881561 0.09924971]\n",
      " [0.12019209 0.87801692]\n",
      " [0.06805214 0.9303067 ]\n",
      " [0.06392483 0.93430539]]\n",
      "\n",
      "[[4.09397781e-01 3.35186553e-01 1.83954281e-01 6.76729980e-02\n",
      "  3.04861458e-03 6.15504669e-04 1.24268249e-04]\n",
      " [2.62581264e-01 3.20717480e-01 2.62581264e-01 1.44107653e-01\n",
      "  7.92926712e-03 1.60089142e-03 4.82179230e-04]\n",
      " [1.42286625e-01 2.59263134e-01 3.16664707e-01 2.59263134e-01\n",
      "  1.74239118e-02 3.51782713e-03 1.58066162e-03]\n",
      " [6.49983270e-02 1.76683771e-01 3.21938821e-01 3.93216964e-01\n",
      "  3.22772139e-02 6.51665711e-03 4.36824589e-03]\n",
      " [2.80122690e-03 9.30040085e-03 2.06984227e-02 3.08784182e-02\n",
      "  3.76176144e-01 3.07986977e-01 2.52158410e-01]\n",
      " [5.62740564e-04 1.86836447e-03 4.15812159e-03 6.20318849e-03\n",
      "  3.06452704e-01 3.74302178e-01 3.06452704e-01]\n",
      " [1.21078651e-04 5.99706486e-04 1.99109565e-03 4.43126487e-03\n",
      "  2.67383796e-01 3.26583307e-01 3.98889751e-01]]\n",
      "[[0.97713459 0.02245422]\n",
      " [0.95839888 0.04091531]\n",
      " [0.93174266 0.06724906]\n",
      " [0.89915099 0.09954216]\n",
      " [0.12046845 0.87832092]\n",
      " [0.06830298 0.93058761]\n",
      " [0.06419473 0.9346089 ]]\n",
      "\n",
      "[[4.09397781e-01 3.35186553e-01 1.83954281e-01 6.76729980e-02\n",
      "  3.04861458e-03 6.15504669e-04 1.24268249e-04]\n",
      " [2.62581264e-01 3.20717480e-01 2.62581264e-01 1.44107653e-01\n",
      "  7.92926712e-03 1.60089142e-03 4.82179230e-04]\n",
      " [1.42286625e-01 2.59263134e-01 3.16664707e-01 2.59263134e-01\n",
      "  1.74239118e-02 3.51782713e-03 1.58066162e-03]\n",
      " [6.49983270e-02 1.76683771e-01 3.21938821e-01 3.93216964e-01\n",
      "  3.22772139e-02 6.51665711e-03 4.36824589e-03]\n",
      " [2.80122690e-03 9.30040085e-03 2.06984227e-02 3.08784182e-02\n",
      "  3.76176144e-01 3.07986977e-01 2.52158410e-01]\n",
      " [5.62740564e-04 1.86836447e-03 4.15812159e-03 6.20318849e-03\n",
      "  3.06452704e-01 3.74302178e-01 3.06452704e-01]\n",
      " [1.21078651e-04 5.99706486e-04 1.99109565e-03 4.43126487e-03\n",
      "  2.67383796e-01 3.26583307e-01 3.98889751e-01]]\n",
      "[[0.97720587 0.02251638]\n",
      " [0.95851763 0.04101911]\n",
      " [0.93191698 0.06740193]\n",
      " [0.89937646 0.09974076]\n",
      " [0.12065619 0.8785255 ]\n",
      " [0.06847354 0.93077653]\n",
      " [0.06437828 0.934813  ]]\n",
      "\n",
      "[[4.09397781e-01 3.35186553e-01 1.83954281e-01 6.76729980e-02\n",
      "  3.04861458e-03 6.15504669e-04 1.24268249e-04]\n",
      " [2.62581264e-01 3.20717480e-01 2.62581264e-01 1.44107653e-01\n",
      "  7.92926712e-03 1.60089142e-03 4.82179230e-04]\n",
      " [1.42286625e-01 2.59263134e-01 3.16664707e-01 2.59263134e-01\n",
      "  1.74239118e-02 3.51782713e-03 1.58066162e-03]\n",
      " [6.49983270e-02 1.76683771e-01 3.21938821e-01 3.93216964e-01\n",
      "  3.22772139e-02 6.51665711e-03 4.36824589e-03]\n",
      " [2.80122690e-03 9.30040085e-03 2.06984227e-02 3.08784182e-02\n",
      "  3.76176144e-01 3.07986977e-01 2.52158410e-01]\n",
      " [5.62740564e-04 1.86836447e-03 4.15812159e-03 6.20318849e-03\n",
      "  3.06452704e-01 3.74302178e-01 3.06452704e-01]\n",
      " [1.21078651e-04 5.99706486e-04 1.99109565e-03 4.43126487e-03\n",
      "  2.67383796e-01 3.26583307e-01 3.98889751e-01]]\n",
      "[[0.97725379 0.02255859]\n",
      " [0.95859747 0.04108959]\n",
      " [0.9320342  0.06750572]\n",
      " [0.8995281  0.09987556]\n",
      " [0.12078367 0.87866322]\n",
      " [0.06858944 0.93090364]\n",
      " [0.06450304 0.9349503 ]]\n",
      "\n",
      "[[4.09397781e-01 3.35186553e-01 1.83954281e-01 6.76729980e-02\n",
      "  3.04861458e-03 6.15504669e-04 1.24268249e-04]\n",
      " [2.62581264e-01 3.20717480e-01 2.62581264e-01 1.44107653e-01\n",
      "  7.92926712e-03 1.60089142e-03 4.82179230e-04]\n",
      " [1.42286625e-01 2.59263134e-01 3.16664707e-01 2.59263134e-01\n",
      "  1.74239118e-02 3.51782713e-03 1.58066162e-03]\n",
      " [6.49983270e-02 1.76683771e-01 3.21938821e-01 3.93216964e-01\n",
      "  3.22772139e-02 6.51665711e-03 4.36824589e-03]\n",
      " [2.80122690e-03 9.30040085e-03 2.06984227e-02 3.08784182e-02\n",
      "  3.76176144e-01 3.07986977e-01 2.52158410e-01]\n",
      " [5.62740564e-04 1.86836447e-03 4.15812159e-03 6.20318849e-03\n",
      "  3.06452704e-01 3.74302178e-01 3.06452704e-01]\n",
      " [1.21078651e-04 5.99706486e-04 1.99109565e-03 4.43126487e-03\n",
      "  2.67383796e-01 3.26583307e-01 3.98889751e-01]]\n",
      "[[0.97728602 0.02258724]\n",
      " [0.95865117 0.04113743]\n",
      " [0.93211305 0.06757615]\n",
      " [0.89963012 0.09996703]\n",
      " [0.12087019 0.87875596]\n",
      " [0.06866817 0.93098919]\n",
      " [0.0645878  0.93504269]]\n",
      "\n"
     ]
    },
    {
     "data": {
      "text/plain": [
       "array([0, 0, 0, 0, 1, 1, 1], dtype=int64)"
      ]
     },
     "execution_count": 37,
     "metadata": {},
     "output_type": "execute_result"
    }
   ],
   "source": [
    "X = np.array([[1,7],[2,6],[3,5],[4,4],[8,7],[9,8],[10,7]])\n",
    "y = np.array([0,0,-1,-1,-1,1,-1])\n",
    "tmp = LabelPropagations()\n",
    "tmp.fit(X,y)\n",
    "\n",
    "\n",
    "point = np.array([[9.1,8.1]])\n",
    "tmp.predict(X)\n",
    "# tmp.label_distributions_"
   ]
  },
  {
   "cell_type": "code",
   "execution_count": 13,
   "metadata": {},
   "outputs": [
    {
     "data": {
      "text/plain": [
       "array([[0., 0.]])"
      ]
     },
     "execution_count": 13,
     "metadata": {},
     "output_type": "execute_result"
    }
   ],
   "source": [
    "a= np.array([1,2,3,4,5,6])\n",
    "b= np.array([9,10,11,12,13,14]).reshape(-1,1)\n",
    "np.where(a>3,a,b)\n",
    "\n",
    "\n",
    "a = np.zeros((1,2))\n",
    "a"
   ]
  },
  {
   "cell_type": "code",
   "execution_count": 61,
   "metadata": {},
   "outputs": [],
   "source": [
    "from sklearn.neighbors import NearestNeighbors\n",
    "\n",
    "x = np.array([[1,2],[3,4],[1.2,2]])\n",
    "x2 = np.array([[7,8],[3.1,4.1]])\n",
    "nn_fit = NearestNeighbors(n_neighbors=2).fit(X)"
   ]
  },
  {
   "cell_type": "code",
   "execution_count": 67,
   "metadata": {},
   "outputs": [
    {
     "data": {
      "text/plain": [
       "array([[1., 0., 1.],\n",
       "       [0., 1., 1.],\n",
       "       [1., 0., 1.]])"
      ]
     },
     "execution_count": 67,
     "metadata": {},
     "output_type": "execute_result"
    }
   ],
   "source": [
    "from sklearn.neighbors import kneighbors_graph\n",
    "kneighbors_graph(x,n_neighbors=2,mode='connectivity',include_self=True).toarray()"
   ]
  },
  {
   "cell_type": "code",
   "execution_count": null,
   "metadata": {},
   "outputs": [],
   "source": [
    "def rbf_kernel(X,y=None,gamma):\n",
    "    \"\"\"对点集X计算两两之间的高斯值\"\"\"\n",
    "    if y==None:\n",
    "        y=X\n",
    "    affinity_matrix = np.zeros((len(X),len(y)))\n",
    "    for i in range(len(X)):\n",
    "        for j in range(len(y)):\n",
    "            affinity_matrix[i][j] = exp(-gamma*(X[i,:]-y[j,:])**2)\n",
    "    return affinity_matrix"
   ]
  },
  {
   "cell_type": "code",
   "execution_count": null,
   "metadata": {},
   "outputs": [],
   "source": []
  },
  {
   "cell_type": "code",
   "execution_count": null,
   "metadata": {},
   "outputs": [],
   "source": []
  },
  {
   "cell_type": "code",
   "execution_count": null,
   "metadata": {},
   "outputs": [],
   "source": []
  }
 ],
 "metadata": {
  "kernelspec": {
   "display_name": "Python 3",
   "language": "python",
   "name": "python3"
  },
  "language_info": {
   "codemirror_mode": {
    "name": "ipython",
    "version": 3
   },
   "file_extension": ".py",
   "mimetype": "text/x-python",
   "name": "python",
   "nbconvert_exporter": "python",
   "pygments_lexer": "ipython3",
   "version": "3.7.7"
  }
 },
 "nbformat": 4,
 "nbformat_minor": 4
}
